23
00000000000100000000000
00000000000100000000000
00000000000100000000000
00000000000100000000000
00000000000100000000000
00000000000100000000000
00000000000100000000000
00000000000100000000000
00000000000100000000000
00000000000100000000000
00000000000100000000000
11111111111111111111111
00000000000100000000000
00000000000100000000000
00000000000100000000000
00000000000100000000000
00000000000100000000000
00000000000100000000000
00000000000100000000000
00000000000100000000000
00000000000100000000000
00000000000100000000000
00000000000100000000000
